startcorrection = 0.0, 0.0, 0.0;
endcorrection = -1.4990921, 0.0, 0.51387024;



