startcorrection = -5.2408447, 0.0, 1.8088379;
endcorrection = 0.0, 0.0, 0.0;


