startcorrection = 83.50021, 0.0, -44.774536;
endcorrection = 0.0, 0.0, 0.0;
