startcorrection = -6.069996, 0.0, 1.9239044;
endcorrection = 0.0, 0.0, 0.0;