startcorrection = 0.55519104, 0.0, 7.1735296;
endcorrection = 0.0, 0.0, 0.0;
