startcorrection = 17.225677, 0.0, -9.710632;
endcorrection = 0.0, 0.0, 0.0;
