startcorrection = -3.2232819, 0.0, -6.246704;
endcorrection = 0.0, 0.0, 0.0;
