startcorrection = -1.3539124, 0.0, -1.1361389;
endcorrection = 0.0, 0.0, 0.0;
