startcorrection = 0, 0.0, 0;
endcorrection = 28.689758, 0.0, -7.7438965;


