startcorrection = 9.506592, 0.0, 3.587494;
endcorrection = 0.0, 0.0, 0.0;
