startcorrection = 0, 0.0, 0;
endcorrection = -0.25531006, 0.0, -0.63596344;


