startcorrection = -0.78090286, 0.0, -0.75959015;
endcorrection = 2.8703003, 0.0, 1.7388611;
