startcorrection = -0.78090286, 0.0, -0.75959015;
endcorrection = 0.0, 0.0, 0.0;



