startcorrection = -0.7159958, 0.0, -0.6976738;
endcorrection = -1.074501, 0.0, -0.87815857;



