startcorrection = 0.0, 0.0, 0.0;
endcorrection = -2.4461212, 0.0, -1.0843201;



