startcorrection = 0.0, 0.0, 0.0;
endcorrection = 0.3435669, 0.0, 3.321991;
