startcorrection = 0.0, 0.0, 0.0;
endcorrection = 23.362106, 0.0, -20.273987;
