startcorrection = 0.35338783, 0.0, 0.41723824;
endcorrection = 0.0, 0.0, 0.0;



