startcorrection = 0.31560135, 0.0, 0.3719635;
endcorrection = 0.0, 0.0, 0.0;



