startcorrection = 1.0467873, 0.0, 0.4473114;
endcorrection = 0.0, 0.0, 0.0;



