startcorrection = 2.5737305, 0.0, 2.6404877;
endcorrection = 0.0, 0.0, 0.0;



