startcorrection = 0.30207062, 0.0, 0.13137817;
endcorrection = -27.023651, 0.0, -31.2061;



