startcorrection = 0.0, 0.0, 0.0;
endcorrection = 3.1611633, 0.0, 1.3703308;
